                        K 2 3 9                        

  * |  * |  3 |  4 |  5 |  6 |  7 |  8 |  9 | 10 | 11 |
 ------------------------------------------------------
  * |  * | 11 | 10 |  1 |  2 |  0 |  6 |  7 |  4 |  9 |
 ------------------------------------------------------
  0 |  5 |  2 |  3 | 10 |  1 |  6 |  4 |  8 |  9 |  7 |
 ------------------------------------------------------
  1 |  3 |  0 |  2 |  6 |  4 | 10 | 11 |  5 |  7 |  8 |
 ------------------------------------------------------
  2 |  8 | 10 |  9 |  4 |  3 |  5 |  0 |  1 | 11 |  6 |
 ------------------------------------------------------
